$ANSIBLE_VAULT;1.1;AES256
62383066346533623163663230643535663032336533396661306432356136663438363965653239
6534356336336237643233326434653835393739333337340a633135326336656562363436336331
30653466346333353065363162643632393462666265316331656264306666633537383036346138
3537333835336632310a386439616338623331616336393338636565653339653266363161656131
38333663666337313433396433613164323739633133656238323531373539663930653439383562
65363665643434393130326332346462316138333963623431653366376632376230633663633035
30366532313563376264303139326564353630386131633137663362343736373633343833663765
39626434316132643034383333346634393030383635383362383539343138636137346135653935
38353761353634636334383562633663643639666139316136326536353539643834363962643133
61353362353164623630333336393636356362333663313931666630646435666134646230613130
63646339336564323137313834303537313664623566336331363738653235313533643065623264
62633130343033663433303335393333616561643431653465333433376634373339326632323338
64303834363735306432313562363366396166643138393839306231326531343033343333303933
36666264393036346639666537326634303630366330636666343630666339653035326464653539
32323937646138393531383066323261326563663636323339383964393730316261623261323231
64306332636664373532366537343761383265663163613435396235326539653639373338656336
30613764633362333735623535313834303131303137613138336166323766306332663435386530
64653832653836613835643633393864393034386165363461636630393133333632366366393535
63653632616537346362306365376263383063353663343661366161303830323738363636653136
66396463303632633135
