$ANSIBLE_VAULT;1.1;AES256
30353932333032386130353938303763306635386334303966646633343765343935373363363338
3532626265626631316637666433373931393864323830310a363162623839663964613764653339
30666330363432376237333366663864313038663832616236386564333138636136376230313530
3462376432373132380a373066366265393335333838323630623363343039383464346339626238
39646265303364663538376337393262333135336235316636643462643061373661653834303062
62656239373931613436363962393732623237383561623263323162656563323664323063663463
37373663636362333938646534393439363330643531663732396662376363643362326432346236
38633539383137346138333237303363636439376337353133363533643336343932366133623038
32376535623734306130316461633130646434373363353866646561643064396539373637343663
38386630623733393534653561666262323861653862643739646163373438633239313333633938
38343261393234363439376361346661353238383034383037656264626361656438666535383566
61666532656136626463653561636633646332336266626333323837383365303165303062336661
65353537396562613138323665653331366437396539323232343966373635393963656237343663
36663765366231323830353730656236373361623034373262663133393865666630386534383964
61336438353531376532343337393434666331336464663764393766633733373935616635316161
36663432383435336139653334376666333430323765636435303332336131613566383131373337
30326162356366623630653439396266663439333136313033346562386636616639356534633639
35396361646330366461643062333261666462306638376631363864653135346563663931383364
39323635646265343438356630346136626564363565643132303164653861356561643739646536
38653235383266363235343535376433653734616636316336666339323738323331616532656265
34303561396230636330616464313037313133643866386237313939323365323764666136343536
31396232396666313561656537613865663536613634303237613065646237343037323431663632
37333262396532343233316232393537353333326239323633353961313738313737393231656162
64336662313663323062383538373631616630626561326665646637656336643938346261356166
34633066316466303739633436333037626237636561386663666264326236393362343766613763
65633264323238363661336632326338633633386131373432633632313764383364666538336366
65373337396332396135313562373837363734306464636232396166616261323137613333366632
37303565633761663464
